%YAML:1.0
---
K: !!opencv-matrix
   rows: 3
   cols: 3
   dt: d
   data: [ 7.2297743032181893e+02, 0., 4.6466359640764699e+02, 0.,
       7.2313517160622655e+02, 2.8885568659015746e+02, 0., 0., 1. ]
D: !!opencv-matrix
   rows: 1
   cols: 5
   dt: d
   data: [ 2.2055069489591145e-02, -7.0306931111756399e-01,
       4.2084170179813836e-03, -6.8776235982688809e-04,
       1.4023580642169495e+00 ]
