%YAML:1.0
---
K: !!opencv-matrix
   rows: 3
   cols: 3
   dt: d
   data: [ 3.6609622003496665e+03, 0., 2.2440323122994346e+03, 0.,
       3.6717145225001650e+03, 1.7861123916434042e+03, 0., 0., 1. ]
D: !!opencv-matrix
   rows: 1
   cols: 5
   dt: d
   data: [ 1.9318050315393007e-01, -7.5729702392389686e-01,
       1.8448302873412339e-03, -4.1756459200165616e-03,
       8.7557543350366263e-01 ]
