%YAML:1.0
---
K: !!opencv-matrix
   rows: 3
   cols: 3
   dt: d
   data: [ 7.4130984288958928e+02, 0., 4.7150613395870835e+02, 0.,
       7.4124583977458508e+02, 2.6987041785627628e+02, 0., 0., 1. ]
D: !!opencv-matrix
   rows: 1
   cols: 5
   dt: d
   data: [ -9.0644455511864605e-02, 1.1104642753678257e-01,
       -2.8832550197236653e-03, -6.7959687943639207e-04,
       -6.7203534216603314e-02 ]
